20180930 000001 10 200
20181001 000006 100 100
20181212 000002 30 100
20181010 000003 25 200
20181111 000007 25 200
20180921 000003 23 200
20180923 000005 23 100
20181024 000005 20 100
20180928 000006 32 100
20181003 000007 20 100
20181010 000004 21 200
20181001 000001 190 200
20181001 000002 187 200
20181001 000003 132 200
20181001 000004 192 200
20181001 000008 98 100
20181001 000005 100 100
20181001 000007 90 100
20181005 000008 20 100
20181021 000003 10 200
20181022 000006 10 100
20180921 000001 100 200
20180922 000003 100 200
20180926 000001 100 200
